    174602 59810.3819 1.057 
    177422 59813.3642 1.074 
    177481 59813.3999 1.017 
    192350 59837.3803 1.005 
    204595 59857.2875 1.010 
    211101 59866.1445 1.336 
    211146 59866.1658 1.252 
    211147 59866.1663 1.261 
    211180 59866.1811 1.212 
    211197 59866.1889 1.152 
    211229 59866.2040 1.116 
    211342 59866.2571 1.016 
    227884 59887.1729 1.045 
    227891 59887.1760 1.053 
    227918 59887.1882 1.031 
    227922 59887.1901 1.021 
    244023 59916.1984 1.029 
    244068 59916.2202 1.065 
    256348 59935.0930 1.003 
    256393 59935.1160 1.003 
    263457 59946.1880 1.243 
    263503 59946.2109 1.354 
    397285 60142.3798 1.386 
    397287 60142.3807 1.394 
    410965 60162.3587 1.246 
    420781 60179.3534 1.098 
    420782 60179.3539 1.093 
    420803 60179.3634 1.077 
    420806 60179.3647 1.069 
    420829 60179.3757 1.054 
    420878 60179.4004 1.015 
    421693 60180.3299 1.164 
    421694 60180.3303 1.152 
    421727 60180.3454 1.115 
    428495 60193.3240 1.069 
    428528 60193.3406 1.037 
    433996 60201.2602 1.204 
    437321 60207.2352 1.228 
    457677 60241.2163 1.028 
    457713 60241.2329 1.012 
    458494 60242.2204 1.024 
    458531 60242.2372 1.006 
    464231 60249.2795 1.015 
    472018 60269.1029 1.112 
    472072 60269.1297 1.055 
    479591 60279.2138 1.046 
    479621 60279.2276 1.080 
    496951 60309.2121 1.315 
    496952 60309.2125 1.347 
    496979 60309.2247 1.380 
    496986 60309.2278 1.426 
    512005 60330.1115 1.137 
    517994 60338.1234 1.266 
    518028 60338.1393 1.370 
    635793 60528.3182 1.454 
    635827 60528.3337 1.360 
    641073 60534.3173 1.401 
    641116 60534.3371 1.255 
    641121 60534.3395 1.244 
    654464 60549.2728 1.358 
    654465 60549.2732 1.415 
    654466 60549.2737 1.374 
    654496 60549.2873 1.285 
    654498 60549.2882 1.276 
    665694 60568.3194 1.038 
    665695 60568.3199 1.036 
    678507 60586.1917 1.260 
    678546 60586.2093 1.180 
    679456 60587.2309 1.109 
    682771 60591.1678 1.300 
    682810 60591.1856 1.240 
    682811 60591.1860 1.228 
    682821 60591.1905 1.193 
    687427 60597.2331 1.049 
    687428 60597.2335 1.039 
    687599 60597.3183 1.011 
    692583 60603.2978 1.010 
    692613 60603.3118 1.023 
    693404 60604.2970 1.012 
    693405 60604.2975 1.014 
    693452 60604.3199 1.040 
    713248 60632.2089 1.004 
    713283 60632.2250 1.011 
    731753 60661.1583 1.029 
    731790 60661.1753 1.054 
    766972 60711.0987 1.225 
    766973 60711.0991 1.275 
    893766 60887.3876 1.171 
    893796 60887.4020 1.111 
    893799 60887.4034 1.115 
    898790 60893.4155 1.047 
    898791 60893.4159 1.057 
    906936 60902.3486 1.171 
    906984 60902.3716 1.091 
    915711 60912.3248 1.148 
    915747 60912.3423 1.093 
    915757 60912.3476 1.090 
    919515 60932.2775 1.146 
    924057 60937.2509 1.159 
    924085 60937.2635 1.147 
    924086 60937.2640 1.139 
    929477 60943.2205 1.233 
    930353 60944.2085 1.287 
    945637 60964.1689 1.217 
    945667 60964.1828 1.148 
    945671 60964.1846 1.170 
    945703 60964.1999 1.087 
    945706 60964.2013 1.116 
    951274 60973.1480 1.202 
    951283 60973.1520 1.188 
    951317 60973.1679 1.121 
    951318 60973.1683 1.143 
    953498 60976.0920 1.473 
    953500 60976.0929 1.467 
    953552 60976.1189 1.286 
    953554 60976.1198 1.282 
    965397 61000.0887 1.162 
    965403 61000.0914 1.141 
    965435 61000.1058 1.096 
    976090 61017.1437 1.002 
    976126 61017.1608 1.008 
    976165 61017.1806 1.021 
    976313 61017.2499 1.181 
    976318 61017.2522 1.208 
    976412 61017.2951 1.469 
    994950 61045.1213 1.047 
    995017 61045.1519 1.113 
   1000784 61059.0736 1.030 
   1000785 61059.0740 1.035 
   1013666 61076.1184 1.308 
   1029803 61097.0651 1.407 
   1165709 61286.2662 1.328 
   1165710 61286.2666 1.306 
   1165787 61286.3013 1.179 
   1165822 61286.3178 1.110 
   1165823 61286.3183 1.100 
   1173728 61305.3285 1.008 
   1173799 61305.3649 1.003 
   1174554 61306.3043 1.027 
   1180894 61313.3580 1.018 
   1180922 61313.3707 1.035 
   1185854 61319.2592 1.041 
   1196406 61332.3053 1.011 
   1197816 61334.2286 1.030 
   1197817 61334.2291 1.025 
   1197853 61334.2481 1.008 
   1198840 61336.3387 1.071 
   1205981 61355.2250 1.003 
   1209139 61360.1905 1.003 
   1209192 61360.2193 1.005 
   1212011 61364.2218 1.018 
   1212058 61364.2455 1.052 
   1212833 61365.2773 1.131 
   1217152 61371.2633 1.137 
   1217205 61371.2872 1.231 
   1229644 61391.0614 1.051 
   1229685 61391.0804 1.017 
   1231296 61393.2043 1.138 
   1231906 61394.1626 1.054 
   1231914 61394.1666 1.057 
   1231943 61394.1805 1.089 
