 59810.382 
 59813.364 
 59813.400 
 59837.380 
 59857.287 
 59866.145 
 59866.166 
 59866.166 
 59866.181 
 59866.189 
 59866.204 
 59866.257 
 59887.173 
 59887.176 
 59887.188 
 59887.190 
 59916.198 
 59916.220 
 59935.093 
 59935.116 
 59946.188 
 59946.211 
 60142.380 
 60142.381 
 60162.359 
 60179.353 
 60179.354 
 60179.363 
 60179.365 
 60179.376 
 60179.400 
 60180.330 
 60180.330 
 60180.345 
 60193.324 
 60193.341 
 60201.260 
 60207.235 
 60241.216 
 60241.233 
 60242.220 
 60242.237 
 60249.280 
 60269.103 
 60269.130 
 60279.214 
 60279.228 
 60309.212 
 60309.213 
 60309.225 
 60309.228 
 60330.111 
 60338.123 
 60338.139 
 60528.318 
 60528.334 
 60534.317 
 60534.337 
 60534.339 
 60549.273 
 60549.273 
 60549.274 
 60549.287 
 60549.288 
 60568.319 
 60568.320 
 60586.192 
 60586.209 
 60587.231 
 60591.168 
 60591.186 
 60591.186 
 60591.190 
 60597.233 
 60597.234 
 60597.318 
 60603.298 
 60603.312 
 60604.297 
 60604.297 
 60604.320 
 60632.209 
 60632.225 
 60661.158 
 60661.175 
 60711.099 
 60711.099 
 60887.388 
 60887.402 
 60887.403 
 60893.415 
 60893.416 
 60902.349 
 60902.372 
 60912.325 
 60912.342 
 60912.348 
 60932.278 
 60937.251 
 60937.264 
 60937.264 
 60943.221 
 60944.209 
 60964.169 
 60964.183 
 60964.185 
 60964.200 
 60964.201 
 60973.148 
 60973.152 
 60973.168 
 60973.168 
 60976.092 
 60976.093 
 60976.119 
 60976.120 
 61000.089 
 61000.091 
 61000.106 
 61017.144 
 61017.161 
 61017.181 
 61017.250 
 61017.252 
 61017.295 
 61045.121 
 61045.152 
 61059.074 
 61059.074 
 61076.118 
 61097.065 
 61286.266 
 61286.267 
 61286.301 
 61286.318 
 61286.318 
 61305.329 
 61305.365 
 61306.304 
 61313.358 
 61313.371 
 61319.259 
 61332.305 
 61334.229 
 61334.229 
 61334.248 
 61336.339 
 61355.225 
 61360.191 
 61360.219 
 61364.222 
 61364.245 
 61365.277 
 61371.263 
 61371.287 
 61391.061 
 61391.080 
 61393.204 
 61394.163 
 61394.167 
 61394.180 
